/*--------------------------------*- C++ -*----------------------------------*\
| =========                 |                                                 |
| \\      /  F ield         | OpenFOAM: The Open Source CFD Toolbox           |
|  \\    /   O peration     | Version:  2312                                  |
|   \\  /    A nd           | Website:  www.openfoam.com                      |
|    \\/     M anipulation  |                                                 |
\*---------------------------------------------------------------------------*/
FoamFile
{
    version     2.0;
    format      ascii;
    arch        "LSB;label=32;scalar=64";
    class       regIOobject;
    location    "constant/polyMesh";
    object      faceZones;
    meta
    {
        names           1 ( faceMRFzone );
    }
}
// * * * * * * * * * * * * * * * * * * * * * * * * * * * * * * * * * * * * * //

1
(faceMRFzone
{
    type            faceZone;
    faceLabels      List<label> 
5872
(
26665
26671
26673
26674
26675
26683
26684
26690
26691
26693
26694
26698
26699
26701
26707
26816
26821
26823
26824
26834
26840
26842
26847
26850
26857
26966
26971
26973
26974
26984
26990
26992
26997
27000
27007
27116
27121
27123
27124
27134
27140
27142
27147
27150
27157
27266
27271
27273
27274
27284
27290
27292
27297
27300
27307
27416
27421
27423
27424
27434
27440
27442
27447
27450
27457
27566
27571
27573
27574
27584
27590
27592
27597
27600
27607
27716
27721
27723
27724
27734
27741
27743
27748
27751
27758
27876
27882
27888
27894
27900
31465
31466
31467
31468
31473
31479
31485
31494
31501
31504
31509
31515
31520
31521
31528
31531
31627
31628
31630
31675
31683
31686
31783
31784
31786
31831
31839
31842
31939
31940
31942
31987
31995
31998
32095
32096
32098
32143
32151
32154
32251
32252
32254
32299
32307
32310
32407
32408
32410
32455
32463
32466
32563
32564
32566
32617
32625
32628
32727
32733
32740
32746
32751
32757
32764
32770
32775
32781
36548
36550
36552
36558
36564
36570
36576
36585
36589
36594
36600
36606
36612
36618
36623
36624
36626
36632
36718
36720
36786
36788
36796
36882
36884
36950
36952
36960
37046
37048
37114
37116
37124
37210
37212
37278
37280
37288
37374
37376
37442
37444
37452
37538
37540
37606
37608
37616
37702
37704
37776
37779
37786
37877
37883
37889
37895
37901
37907
37912
37919
37925
37931
37937
37943
37948
41755
41756
41757
41762
41768
41774
41780
41786
41792
41801
41805
41810
41816
41822
41828
41834
41840
41846
41851
41854
41931
41933
42021
42024
42101
42103
42191
42194
42271
42273
42361
42364
42441
42443
42531
42534
42611
42613
42701
42704
42781
42783
42871
42874
42951
42953
43047
43050
43131
43138
43144
43150
43156
43162
43168
43174
43179
43186
43192
43198
43204
43210
43216
43221
47220
47222
47224
47230
47236
47242
47248
47254
47260
47269
47273
47278
47284
47290
47296
47302
47308
47314
47320
47322
47405
47407
47499
47583
47585
47677
47761
47763
47855
47939
47941
48033
48117
48119
48211
48295
48297
48389
48473
48475
48574
48657
48663
48669
48675
48681
48687
48693
48699
48704
48711
48717
48723
48729
48735
48741
48747
48752
52790
52794
52800
52806
52812
52818
52824
52830
52836
52845
52849
52854
52860
52866
52872
52878
52884
52890
52896
52901
52902
52904
52972
53076
53078
53148
53252
53254
53324
53428
53430
53500
53604
53606
53676
53780
53782
53852
53956
53958
54028
54138
54141
54219
54225
54231
54237
54243
54249
54255
54261
54267
54272
54279
54285
54291
54297
54303
54309
54315
54321
54326
58382
58383
58384
58389
58395
58401
58407
58413
58419
58425
58431
58440
58444
58449
58455
58461
58467
58473
58479
58485
58491
58497
58503
58573
58575
58688
58757
58759
58872
58941
58943
59056
59125
59127
59240
59309
59311
59424
59493
59495
59608
59677
59679
59798
59864
59870
59876
59882
59888
59894
59900
59906
59912
59918
59923
59930
59936
59942
59948
59954
59960
59966
59972
59978
64076
64082
64088
64094
64100
64106
64112
64118
64124
64130
64139
64143
64148
64154
64160
64166
64172
64178
64184
64190
64196
64201
64203
64206
64271
64388
64391
64459
64576
64579
64647
64762
64765
64833
64936
64939
65007
65124
65127
65195
65312
65315
65383
65506
65509
65587
65593
65599
65605
65611
65617
65623
65629
65635
65641
65646
65653
65659
65665
65671
65677
65683
65689
65695
65701
65706
69982
69984
69986
69992
69998
70004
70010
70016
70022
70028
70034
70043
70050
70053
70058
70064
70070
70076
70082
70088
70094
70100
70106
70108
70179
70181
70297
70369
70371
70487
70559
70561
70672
70744
70746
70831
70903
70905
71021
71093
71095
71211
71283
71285
71408
71482
71488
71494
71500
71506
71512
71518
71524
71530
71535
71541
71548
71554
71560
71566
71572
71578
71584
71590
71596
71601
75880
75881
75886
75892
75898
75904
75910
75916
75922
75928
75934
75940
75946
75952
75958
75964
75970
75976
75982
75988
75994
76000
76006
76012
76078
76210
76275
76407
76472
76597
76662
76750
76815
76947
77012
77144
77209
77341
77405
77411
77417
77423
77429
77435
77441
77447
77453
77459
77465
77471
77477
77483
77489
77495
77501
77507
77513
77519
77525
77531
81819
81820
81826
81832
81838
81844
81850
81856
81862
81868
81871
81876
81882
81888
81897
81901
81906
81912
81918
81924
81930
81936
81945
81947
82017
82128
82198
82309
82379
82482
82552
82617
82687
82798
82868
82979
83046
83176
83242
83248
83254
83260
83266
83272
83278
83284
83290
83296
83302
83308
83314
83319
83326
83332
83338
83344
83350
83356
83362
83367
87654
87655
87661
87667
87673
87679
87685
87691
87697
87703
87706
87711
87717
87723
87732
87736
87741
87747
87753
87759
87768
87775
87781
87782
87851
87881
87950
87980
88049
88074
88143
88144
88213
88243
88312
88342
88412
88523
88588
88594
88600
88606
88613
88619
88625
88631
88637
88643
88649
88655
88661
88667
88673
88679
88685
88691
88696
88702
88708
88714
92994
92995
93000
93006
93012
93018
93024
93030
93036
93042
93048
93054
93060
93066
93072
93078
93084
93090
93096
93102
93108
93114
93120
93126
93192
93324
93389
93521
93586
93710
93775
93858
93923
94055
94120
94252
94317
94449
94513
94519
94525
94531
94537
94543
94549
94555
94561
94567
94573
94579
94585
94591
94597
94603
94609
94615
94621
94627
94633
94639
98910
98911
98914
98916
98922
98928
98934
98940
98946
98952
98958
98964
98973
98980
98983
98988
98994
99000
99006
99012
99018
99024
99030
99036
99042
99108
99111
99239
99304
99307
99435
99500
99503
99624
99689
99692
99778
99843
99846
99974
100039
100042
100170
100235
100238
100367
100431
100437
100443
100449
100455
100461
100467
100473
100479
100485
100491
100496
100503
100509
100515
100521
100527
100533
100539
100545
100551
100557
104804
104810
104816
104822
104828
104834
104840
104846
104852
104858
104867
104874
104877
104882
104888
104894
104900
104906
104912
104918
104924
104931
104934
104999
105119
105187
105307
105375
105491
105559
105654
105722
105842
105910
106030
106098
106224
106302
106308
106314
106320
106326
106332
106338
106344
106350
106356
106362
106368
106374
106380
106386
106392
106398
106404
106410
106416
106422
110581
110582
110587
110593
110599
110605
110611
110617
110623
110629
110638
110645
110648
110653
110659
110665
110671
110677
110683
110689
110695
110700
110701
110775
110886
110888
110961
111072
111074
111147
111258
111260
111333
111442
111444
111517
111628
111630
111703
111814
111816
111889
112006
112008
112076
112082
112088
112094
112100
112106
112112
112118
112124
112130
112136
112142
112148
112154
112160
112166
112172
112178
112184
112190
116221
116224
116228
116234
116240
116246
116252
116258
116264
116270
116279
116286
116289
116294
116300
116306
116312
116318
116324
116330
116336
116338
116405
116408
116514
116583
116586
116692
116761
116764
116870
116939
116942
117048
117117
117120
117226
117295
117298
117404
117473
117476
117589
117669
117675
117681
117687
117693
117699
117705
117711
117717
117723
117729
117735
117741
117747
117753
117759
117765
117771
117777
121765
121766
121769
121771
121777
121783
121789
121795
121801
121807
121816
121823
121826
121831
121837
121843
121849
121855
121861
121867
121872
121873
121952
121955
122052
122054
122132
122135
122232
122234
122312
122315
122412
122414
122492
122495
122592
122594
122672
122675
122772
122774
122852
122855
122952
122954
123033
123036
123138
123140
123214
123220
123226
123232
123238
123244
123250
123256
123262
123268
123274
123280
123286
123292
123298
123304
123310
123316
127264
127270
127276
127282
127288
127294
127300
127306
127315
127322
127325
127330
127336
127342
127348
127354
127360
127367
127369
127370
127441
127537
127539
127611
127707
127709
127781
127877
127879
127951
128047
128049
128121
128217
128219
128291
128387
128389
128461
128563
128565
128647
128653
128659
128665
128671
128677
128683
128689
128695
128701
128707
128713
128719
128725
128731
128737
128743
132595
132596
132602
132606
132608
132614
132620
132626
132632
132641
132648
132651
132656
132662
132668
132674
132680
132687
132689
132690
132769
132771
132779
132855
132857
132937
132939
132947
133023
133025
133105
133107
133115
133191
133193
133273
133275
133283
133359
133361
133441
133443
133451
133527
133529
133609
133611
133619
133695
133697
133777
133779
133788
133869
133871
133959
133965
133971
133977
133983
133989
133995
134001
134007
134013
134019
134025
134031
134037
134043
137743
137744
137747
137749
137755
137761
137767
137776
137783
137786
137791
137797
137803
137809
137813
137814
137815
137909
137912
137971
137973
137975
138069
138072
138131
138133
138135
138229
138232
138291
138293
138295
138389
138392
138451
138453
138455
138549
138552
138611
138613
138615
138709
138712
138771
138773
138775
138870
138873
138938
138939
138941
139036
139042
139048
139054
139060
139065
139072
139078
139084
139090
139096
139102
142680
142687
142690
142691
142693
142697
142699
142708
142715
142718
142723
142732
142733
142734
142735
142836
142844
142847
142852
142882
142883
142885
142986
142994
142997
143002
143032
143033
143035
143136
143144
143147
143152
143182
143183
143185
143286
143294
143297
143302
143332
143333
143335
143436
143444
143447
143452
143482
143483
143485
143586
143594
143597
143602
143632
143633
143635
143736
143744
143747
143753
143788
143789
143791
143900
143906
143912
143917
143923
143930
143936
143942
147304
147310
147316
147322
147328
147444
147450
147456
147462
147468
147585
147591
147597
147603
147609
147726
147732
147738
147744
147750
147867
147873
147879
147885
147891
148008
148014
148020
148026
148032
148149
148155
148161
148167
148173
148290
148296
148302
148308
148314
171118
171119
171122
171127
171130
171135
171144
171145
171148
171151
171155
171158
171166
171169
171173
171181
171183
171186
171195
171198
171202
171210
171212
171215
171224
171227
171231
171239
171241
171244
171253
171256
171260
171268
171270
171273
171282
171285
171289
171297
171299
171302
171311
171314
171318
171326
171328
171331
171341
171344
171348
171349
171359
171362
171365
171368
171370
171372
171380
171383
171386
171394
171399
171435
171446
171449
171452
171460
171464
171501
171512
171515
171518
171526
171530
171567
171578
171581
171584
171592
171596
171633
171644
171647
171650
171658
171662
171699
171710
171713
171716
171724
171728
171788
171799
171802
171805
171813
171817
171994
172005
172008
172011
172019
172023
172320
172329
172332
172340
172347
172350
172402
172406
172413
172414
172418
172422
172428
172438
172442
172450
172460
172464
172472
172482
172486
172494
172504
172508
172516
172526
172530
172538
172548
172552
172560
172570
172574
172582
172592
172595
172605
172616
172620
172631
172639
172642
172646
172647
172653
172659
172664
172667
172762
172765
172768
172774
172779
172782
172822
172825
172828
172834
172839
172842
172860
172863
172866
172872
172877
172880
172916
172919
172922
172928
172933
172936
172976
172979
172982
172988
172993
172995
173146
173149
173152
173163
173172
173175
173186
173187
173193
173197
173199
173200
173203
173206
173211
173212
173215
173219
173226
173236
173238
173250
173258
173261
173273
173279
173283
173285
173286
173293
173296
173299
173305
173527
173531
173537
173540
173543
173549
173591
173596
173603
173606
173609
173615
173643
173648
173655
173658
173661
173667
173707
173712
173719
173722
173725
173731
173773
173778
173785
173788
173791
173797
174019
174023
174029
174037
174041
174044
174049
174050
174053
174113
174124
174129
174139
174149
174152
174428
174437
174440
174444
174452
174457
174466
174474
174477
174650
174658
174663
174672
174680
174683
174713
174721
174726
174735
174743
174746
174776
174784
174789
174798
174806
174809
174839
174847
174852
174861
174869
174872
174902
174910
174915
174924
174932
174935
174965
174973
174978
174987
174995
174998
175044
175054
175057
175060
175068
175072
175073
175077
175080
175083
175091
175093
175095
175098
175101
175109
175113
175116
175128
175131
175134
175143
175147
175150
175162
175165
175168
175177
175181
175184
175196
175199
175202
175211
175215
175218
175230
175233
175236
175245
175249
175252
175264
175267
175270
175278
175282
175285
175295
175298
175301
175309
175315
175318
175319
175321
175322
175332
175337
175339
175340
175342
175343
175346
175353
175355
175386
175394
175396
175401
175410
175412
175421
175428
175431
175439
175446
175449
175457
175464
175467
175475
175482
175485
175493
175500
175503
175511
175518
175521
175529
175535
175537
175545
175555
175559
175569
175577
175579
175593
175600
175603
175614
175621
175624
175635
175642
175645
175657
175666
175669
175680
175687
175690
175701
175708
175711
175718
175719
175723
175726
175728
175729
175768
175776
175790
175794
175797
175847
175851
175854
175872
175889
175896
175908
175911
175914
175956
175959
175962
175977
175994
176001
176013
176016
176019
176061
176064
176067
176082
176099
176106
176118
176121
176124
176166
176169
176172
176187
176204
176211
176223
176226
176229
176271
176274
176277
176292
176309
176316
176328
176331
176334
176376
176379
176382
176397
176414
176421
176433
176436
176439
176481
176484
176487
176502
176519
176525
176538
176540
176543
176586
176588
176591
176606
176620
176629
176633
176643
176651
176654
176700
176708
176711
176729
176731
176764
176765
176769
176770
176772
176774
176778
176780
176786
176790
176799
176800
176849
176850
176852
176867
176871
176873
176879
176881
176883
176887
176903
176907
176910
176954
176955
176958
176959
176961
176963
176966
176968
176985
176986
177035
177036
177038
177053
177056
177058
177065
177070
177084
177087
177090
177134
177135
177138
177139
177141
177143
177146
177148
177165
177166
177215
177216
177218
177233
177236
177238
177245
177250
177264
177267
177270
177314
177315
177318
177319
177321
177323
177326
177328
177345
177346
177395
177396
177398
177413
177416
177418
177425
177430
177444
177447
177450
177494
177495
177498
177499
177501
177503
177506
177508
177525
177526
177575
177576
177578
177593
177596
177598
177605
177610
177624
177627
177630
177674
177675
177678
177679
177681
177683
177686
177688
177705
177706
177755
177756
177758
177773
177776
177778
177785
177790
177804
177807
177810
177854
177855
177858
177859
177861
177863
177866
177868
177885
177886
177935
177936
177938
177953
177956
177958
177965
177970
177984
177987
177990
178031
178032
178034
178036
178037
178040
178043
178045
178056
178059
178062
178063
178066
178073
178076
178083
178089
178091
178099
178106
178109
178112
178113
178115
178124
178127
178130
178133
178135
178142
178146
178147
178149
178161
178163
178166
178306
178310
178320
178328
178331
178341
178349
178352
178360
178367
178370
178378
178385
178388
178426
178433
178436
178444
178451
178454
178464
178472
178475
178485
178493
178496
178511
178513
178530
178531
178537
178539
178541
178543
178544
178545
178686
178700
178702
178703
178709
178714
178734
178750
178751
178756
178758
178760
178762
178763
178764
178839
178853
178855
178856
178862
178867
178884
178900
178901
178906
178908
178910
178912
178913
178914
179049
179063
179065
179066
179072
179077
179094
179110
179111
179116
179118
179120
179122
179123
179124
179253
179267
179269
179270
179276
179281
179298
179314
179315
179320
179322
179324
179326
179327
179328
179457
179471
179473
179474
179480
179485
179502
179518
179519
179524
179526
179528
179530
179531
179532
179658
179672
179674
179675
179681
179686
179703
179719
179720
179725
179727
179729
179731
179732
179733
179808
179822
179824
179825
179831
179836
179853
179869
179870
179875
179876
179879
179881
179882
179883
179891
179894
179902
179909
179912
179920
179927
179930
179939
179948
179951
179959
179967
179969
179978
179987
179990
179999
180008
180011
180019
180026
180029
180036
180037
180044
180047
180050
180052
180053
180059
180062
180064
180065
180080
180289
180298
180302
180310
180317
180320
180328
180335
180338
180346
180353
180356
180364
180371
180374
180382
180389
180392
180415
180422
180425
180433
180440
180443
180451
180458
180461
180469
180476
180479
180487
180494
180497
180505
180512
180515
180533
180535
180539
180546
180550
180557
180558
180560
180567
180568
180776
180777
180779
180798
180804
180806
180808
180811
180815
180818
180824
180828
180834
180836
180843
180844
180888
180889
180892
180912
180918
180921
180923
180927
180930
180936
180940
180946
180948
180955
180956
181029
181030
181033
181053
181059
181062
181064
181068
181071
181077
181081
181087
181089
181096
181097
181167
181168
181171
181191
181197
181200
181202
181206
181209
181215
181219
181225
181227
181234
181235
181305
181306
181309
181329
181335
181338
181340
181344
181347
181353
181357
181363
181365
181372
181373
181442
181443
181446
181466
181472
181475
181477
181481
181484
181490
181494
181500
181502
181509
181510
181556
181557
181560
181580
181586
181589
181591
181595
181598
181604
181608
181614
181615
181620
181623
181624
181627
181634
181637
181646
181655
181658
181667
181676
181679
181688
181697
181700
181709
181718
181721
181730
181739
181742
181749
181755
181757
181765
181772
181775
181784
181793
181796
181805
181814
181817
181826
181835
181838
181847
181856
181859
181862
181863
181865
181874
181877
181883
181889
181892
181894
181896
181897
182128
182137
182141
182149
182156
182159
182167
182174
182177
182185
182192
182195
182203
182210
182213
182221
182228
182231
182239
182246
182249
182272
182279
182282
182290
182297
182300
182308
182315
182318
182326
182333
182336
182344
182351
182354
182362
182369
182372
182380
182387
182390
182399
182408
182410
182414
182421
182422
182425
182432
182433
182691
182709
182715
182717
182722
182729
182735
182736
182739
182745
182801
182820
182826
182831
182838
182844
182845
182848
182854
182942
182961
182967
182972
182979
182985
182986
182989
182995
183080
183099
183105
183110
183117
183123
183124
183127
183133
183218
183237
183243
183248
183255
183261
183262
183265
183271
183355
183374
183380
183385
183392
183398
183399
183402
183408
183466
183485
183491
183496
183503
183509
183510
183513
183519
183525
183532
183539
183542
183551
183560
183563
183572
183581
183584
183593
183602
183605
183614
183623
183626
183635
183644
183647
183656
183665
183668
183675
183681
183683
183691
183698
183701
183710
183719
183722
183731
183740
183743
183752
183761
183764
183773
183782
183785
183794
183803
183806
183813
183814
183821
183824
183830
183836
183841
183843
184105
184114
184118
184126
184133
184136
184144
184151
184154
184162
184169
184172
184180
184187
184190
184198
184205
184208
184216
184223
184226
184234
184241
184244
184267
184274
184277
184285
184292
184295
184303
184310
184313
184321
184328
184331
184339
184346
184349
184357
184364
184367
184375
184382
184385
184393
184400
184403
184421
184423
184441
184442
184447
184449
184452
184453
184733
184734
184736
184742
184747
184768
184784
184785
184789
184791
184794
184795
184836
184837
184840
184847
184853
184871
184887
184888
184892
184894
184897
184898
184971
184972
184975
184982
184988
185006
185022
185023
185027
185029
185032
185033
185103
185104
185107
185114
185120
185138
185154
185155
185159
185161
185164
185165
185235
185236
185239
185246
185252
185270
185286
185287
185291
185293
185296
185297
185366
185367
185370
185377
185383
185401
185417
185418
185422
185424
185427
185428
185471
185472
185475
185482
185488
185506
185522
185523
185527
185528
185532
185533
185536
185543
185546
185555
185564
185567
185576
185585
185588
185597
185606
185609
185618
185627
185630
185639
185648
185651
185660
185669
185672
185681
185690
185693
185700
185706
185708
185716
185723
185726
185735
185744
185747
185756
185765
185768
185777
185786
185789
185798
185807
185810
185819
185828
185831
185840
185849
185852
185855
185856
185858
185864
185867
185869
185870
185886
186177
186188
186196
186203
186206
186214
186221
186224
186232
186239
186242
186250
186257
186260
186268
186275
186278
186286
186293
186296
186304
186311
186314
186322
186329
186332
186355
186362
186365
186373
186380
186383
186391
186398
186401
186409
186416
186419
186427
186434
186437
186445
186452
186455
186463
186470
186473
186481
186488
186491
186499
186506
186509
186525
186549
186554
186559
186561
186867
186872
186876
186877
186882
186918
186923
186928
186930
186961
186967
186972
186973
186979
187015
187020
187025
187027
187090
187096
187101
187102
187108
187144
187149
187154
187156
187216
187222
187227
187228
187234
187270
187275
187280
187282
187339
187345
187350
187351
187357
187393
187398
187403
187405
187464
187470
187475
187476
187482
187518
187523
187528
187530
187563
187569
187574
187575
187581
187614
187618
187619
187624
187626
187628
187637
187646
187649
187658
187667
187670
187679
187688
187691
187700
187709
187712
187721
187730
187733
187742
187751
187754
187763
187772
187775
187784
187793
187796
187803
187809
187811
187819
187826
187829
187838
187847
187850
187859
187868
187871
187880
187889
187892
187901
187910
187913
187922
187931
187934
187943
187952
187955
187964
187973
187976
187980
187985
187989
187990
187991
187995
188318
188326
188330
188338
188345
188348
188356
188363
188366
188374
188381
188384
188392
188399
188402
188410
188417
188420
188428
188435
188438
188446
188453
188456
188464
188471
188474
188497
188504
188507
188515
188522
188525
188533
188540
188543
188551
188558
188561
188569
188576
188579
188587
188594
188597
188605
188612
188615
188623
188630
188633
188641
188648
188651
188658
188666
188668
188677
188683
188684
188689
188691
189015
189020
189025
189043
189051
189056
189057
189061
189063
189113
189119
189125
189140
189148
189153
189154
189158
189160
189242
189248
189254
189269
189277
189282
189283
189287
189289
189356
189362
189368
189383
189391
189396
189397
189401
189403
189458
189464
189470
189485
189493
189498
189499
189503
189505
189583
189589
189595
189610
189618
189623
189624
189628
189630
189682
189688
189694
189709
189717
189722
189723
189727
189728
189736
189743
189746
189755
189764
189767
189776
189785
189788
189797
189806
189809
189818
189827
189830
189839
189848
189851
189860
189869
189872
189881
189890
189893
189902
189911
189914
189921
189927
189929
189937
189944
189947
189956
189965
189968
189977
189986
189989
189998
190007
190010
190019
190028
190031
190040
190049
190052
190061
190070
190073
190082
190091
190094
190101
190102
190106
190109
190111
190112
190125
190439
190447
190451
190459
190466
190469
190477
190484
190487
190495
190502
190505
190513
190520
190523
190531
190538
190541
190549
190556
190559
190567
190574
190577
190585
190592
190595
190618
190625
190628
190636
190643
190646
190654
190661
190664
190672
190679
190682
190690
190697
190700
190708
190715
190718
190726
190733
190736
190744
190751
190754
190762
190769
190772
190779
190787
190789
190794
190795
190801
190808
190809
191152
191157
191159
191164
191172
191178
191184
191256
191261
191266
191274
191280
191286
191379
191384
191389
191397
191403
191409
191457
191462
191467
191475
191481
191487
191535
191540
191545
191553
191559
191565
191663
191668
191673
191681
191687
191693
191766
191771
191776
191784
191789
191790
191796
191802
191809
191816
191819
191828
191837
191840
191849
191858
191861
191870
191879
191882
191891
191900
191903
191912
191921
191924
191933
191942
191945
191954
191963
191966
191975
191984
191987
191994
191999
192000
192007
192014
192017
192026
192035
192038
192047
192056
192059
192068
192077
192080
192089
192098
192101
192110
192119
192122
192131
192140
192143
192152
192161
192164
192172
192179
192182
192186
192191
192196
192198
192514
192523
192527
192535
192542
192545
192553
192560
192563
192571
192578
192581
192589
192596
192599
192607
192614
192617
192625
192632
192635
192643
192650
192653
192661
192668
192671
192679
192686
192689
192727
192734
192737
192745
192752
192755
192763
192770
192773
192781
192788
192791
192799
192806
192809
192817
192824
192827
192835
192842
192845
192853
192860
192863
192871
192878
192881
192899
192901
192919
192925
192930
192931
193268
193269
193271
193277
193282
193319
193324
193329
193330
193346
193347
193350
193357
193363
193397
193402
193407
193408
193466
193467
193470
193477
193483
193517
193522
193527
193528
193550
193551
193554
193561
193567
193601
193606
193611
193612
193646
193647
193650
193657
193663
193697
193702
193707
193708
193760
193761
193764
193771
193777
193811
193816
193821
193822
193838
193839
193842
193849
193855
193889
193894
193899
193900
193903
193910
193913
193922
193931
193934
193943
193952
193955
193964
193973
193976
193985
193994
193997
194006
194015
194018
194027
194036
194039
194048
194057
194060
194069
194078
194081
194089
194097
194099
194108
194117
194120
194129
194138
194141
194150
194159
194162
194171
194180
194183
194192
194201
194204
194213
194222
194225
194234
194243
194246
194255
194264
194267
194276
194285
194288
194291
194292
194294
194300
194303
194305
194306
194672
194680
194684
194692
194699
194702
194710
194717
194720
194728
194735
194738
194746
194753
194756
194764
194771
194774
194782
194789
194792
194800
194807
194810
194818
194825
194828
194836
194843
194846
194854
194861
194864
194872
194879
194882
194890
194897
194900
194908
194915
194918
194926
194933
194936
194944
194951
194954
194962
194969
194972
194980
194987
194990
194998
195005
195008
195016
195023
195026
195034
195041
195044
195051
195059
195061
195070
195076
195082
195438
195443
195446
195471
195476
195481
195652
195658
195662
195684
195689
195694
196152
196157
196160
196182
196187
196192
196485
196490
196493
196515
196520
196525
196857
196862
196865
196887
196892
196897
197322
197327
197330
197352
197357
197362
197386
197392
197396
197418
197423
197428
197437
197444
197447
197456
197465
197468
197477
197486
197489
197498
197507
197510
197519
197528
197531
197540
197549
197552
197561
197570
197573
197582
197591
197594
197603
197612
197615
197624
197633
197636
197645
197654
197657
197666
197675
197678
197687
197696
197699
197708
197716
197718
197726
197735
197738
197747
197756
197759
197768
197777
197780
197789
197798
197801
197810
197819
197822
197831
197840
197843
197852
197861
197864
197871
197872
197876
197878
197879
197880
198373
198380
198383
198391
198398
198401
198409
198416
198419
198427
198434
198437
198460
198467
198470
198478
198485
198488
198496
198503
198506
198514
198521
198524
198532
198539
198542
198550
198557
198560
198568
198575
198578
199399
199404
199409
199418
199424
199426
199433
199439
199441
199448
199454
199456
199463
199469
199471
199478
199485
199488
199496
199503
199506
199514
199521
199524
199532
199539
199542
199550
199557
199560
199569
199578
199581
199590
199599
199602
199611
199620
199623
199631
199639
199641
199649
199656
199659
199667
199674
199677
199685
199692
199695
199703
199710
199713
199721
199727
199729
199736
199742
199744
199750
199755
199756
200249
200256
200259
200267
200274
200277
200285
200292
200295
200303
200310
200313
200336
200343
200346
200354
200361
200364
200372
200379
200382
200390
200397
200400
200408
200415
200418
201574
201581
201584
201592
201599
201602
201610
201617
201620
201628
201635
201638
201646
201653
201656
201665
201674
201677
201686
201695
201698
201707
201716
201719
201728
201737
201740
201748
201755
201758
201766
201773
201776
201784
201791
201794
201802
201809
201812
201819
201825
201827
202184
202192
202196
202204
202211
202214
202222
202229
202232
202240
202247
202250
202258
202265
202268
202276
202283
202286
202294
202301
202304
202312
202319
202322
202330
202337
202340
202348
202355
202358
202366
202373
202376
202384
202391
202394
202402
202409
202412
202420
202427
202430
202438
202445
202448
202456
202463
202466
202474
202481
202484
202492
202499
202502
202510
202517
202520
202528
202535
202538
202546
202553
202556
202563
202571
202573
202582
202588
202594
202974
202979
202984
203010
203015
203020
203047
203053
203059
203082
203087
203092
203526
203531
203536
203559
203564
203569
203827
203832
203837
203860
203865
203870
204165
204170
204175
204198
204203
204208
204588
204593
204598
204621
204626
204631
204658
204664
204670
204693
204698
204703
204712
204719
204722
204731
204740
204743
204752
204761
204764
204773
204782
204785
204794
204803
204806
204815
204824
204827
204836
204845
204848
204857
204866
204869
204878
204887
204890
204899
204908
204911
204920
204929
204932
204941
204949
204951
204959
204968
204971
204980
204989
204992
205001
205010
205013
205022
205031
205034
205043
205052
205055
205064
205073
205076
205085
205094
205097
205106
205115
205118
205127
205136
205139
205146
205147
205151
205154
205156
205157
205514
205526
205534
205541
205544
205552
205559
205562
205570
205577
205580
205588
205595
205598
205606
205613
205616
205624
205631
205634
205642
205649
205652
205660
205667
205670
205678
205685
205688
205726
205733
205736
205744
205751
205754
205762
205769
205772
205780
205787
205790
205798
205805
205808
205816
205823
205826
205834
205841
205844
205852
205859
205862
205870
205877
205880
205887
205895
205906
205924
205928
205933
206261
206264
206265
206267
206272
206301
206317
206321
206326
206333
206337
206338
206340
206346
206373
206389
206393
206398
206447
206451
206452
206454
206460
206487
206503
206507
206512
206523
206527
206528
206530
206536
206563
206579
206583
206588
206609
206613
206614
206616
206622
206649
206665
206669
206674
206717
206721
206722
206724
206730
206757
206773
206777
206782
206789
206793
206794
206796
206802
206829
206845
206848
206849
206854
206858
206867
206876
206879
206888
206897
206900
206909
206918
206921
206930
206939
206942
206951
206960
206963
206972
206981
206984
206993
207002
207005
207014
207023
207026
207035
207044
207047
207054
207060
207062
207071
207080
207083
207092
207101
207104
207113
207122
207125
207134
207143
207146
207155
207164
207167
207176
207185
207188
207197
207206
207209
207218
207227
207230
207239
207248
207251
207254
207257
207258
207259
207260
207265
207266
207626
207634
207638
207646
207653
207656
207664
207671
207674
207682
207689
207692
207700
207707
207710
207718
207725
207728
207736
207743
207746
207754
207761
207764
207772
207779
207782
207820
207827
207830
207838
207845
207848
207856
207863
207866
207874
207881
207884
207892
207899
207902
207910
207917
207920
207928
207935
207938
207946
207953
207956
207963
207971
207973
207978
207979
207985
207991
207992
207993
207999
208324
208329
208331
208336
208338
208344
208350
208355
208356
208362
208438
208443
208448
208450
208456
208462
208467
208468
208474
208570
208575
208580
208582
208588
208594
208599
208600
208606
208654
208659
208664
208666
208672
208678
208683
208684
208690
208738
208743
208748
208750
208756
208762
208767
208768
208774
208873
208878
208883
208885
208891
208897
208902
208903
208909
208957
208962
208967
208969
208975
208980
208981
208986
208987
208992
208993
209000
209007
209010
209019
209028
209031
209040
209049
209052
209061
209070
209073
209082
209091
209094
209103
209112
209115
209124
209133
209136
209145
209154
209157
209166
209175
209178
209186
209193
209196
209204
209211
209214
209223
209232
209235
209244
209253
209256
209265
209274
209277
209286
209295
209298
209307
209316
209319
209328
209337
209340
209349
209358
209361
209370
209379
209382
209390
209397
209400
209404
209409
209414
209415
209416
209730
209738
209742
209750
209757
209760
209768
209775
209778
209786
209793
209796
209804
209811
209814
209822
209829
209832
209840
209847
209850
209858
209865
209868
209876
209883
209886
209924
209931
209934
209942
209949
209952
209960
209967
209970
209978
209985
209988
209996
210003
210006
210014
210021
210024
210032
210039
210042
210050
210057
210060
210067
210075
210077
210086
210092
210098
210115
210409
210414
210415
210419
210421
210445
210450
210455
210472
210507
210513
210514
210519
210521
210542
210547
210552
210569
210636
210642
210643
210648
210650
210671
210676
210681
210698
210762
210768
210769
210774
210776
210797
210802
210807
210824
210888
210894
210895
210900
210902
210923
210928
210933
210950
211011
211017
211018
211023
211025
211046
211051
211056
211073
211083
211089
211090
211095
211097
211118
211123
211128
211137
211144
211145
211147
211156
211165
211168
211177
211186
211189
211198
211207
211210
211219
211228
211231
211240
211249
211252
211261
211270
211273
211282
211291
211294
211303
211312
211315
211323
211330
211333
211341
211348
211351
211360
211369
211372
211381
211390
211393
211402
211411
211414
211423
211432
211435
211444
211453
211456
211465
211474
211477
211486
211495
211498
211507
211516
211519
211526
211527
211531
211532
211534
211536
211537
211538
211863
211873
211881
211888
211891
211899
211906
211909
211917
211924
211927
211935
211942
211945
211953
211960
211963
211971
211978
211981
211989
211996
211999
212007
212014
212017
212055
212062
212065
212073
212080
212083
212091
212098
212101
212109
212116
212119
212127
212134
212137
212145
212152
212155
212163
212170
212173
212181
212188
212191
212204
212225
212230
212234
212235
212240
212528
212533
212538
212540
212573
212578
212581
212583
212587
212648
212654
212660
212662
212696
212701
212704
212706
212710
212768
212774
212780
212782
212816
212821
212824
212826
212830
212888
212894
212900
212902
212936
212941
212944
212946
212950
213008
213014
213020
213022
213056
213061
213064
213066
213070
213125
213131
213137
213139
213173
213178
213181
213183
213187
213191
213197
213203
213205
213236
213240
213241
213245
213246
213250
213251
213259
213268
213271
213280
213289
213292
213301
213310
213313
213322
213331
213334
213343
213352
213355
213364
213373
213376
213385
213394
213397
213406
213415
213418
213426
213433
213436
213444
213451
213454
213463
213472
213475
213484
213493
213496
213505
213514
213517
213526
213535
213538
213547
213556
213559
213568
213577
213580
213589
213598
213601
213610
213619
213622
213626
213631
213636
213637
213638
213955
213967
213975
213982
213985
213993
214000
214003
214011
214018
214021
214029
214036
214039
214047
214054
214057
214065
214072
214075
214083
214090
214093
214131
214138
214141
214149
214156
214159
214167
214174
214177
214185
214192
214195
214203
214210
214213
214221
214228
214231
214239
214246
214249
214256
214264
214275
214293
214297
214302
214558
214561
214562
214564
214569
214598
214615
214621
214626
214687
214693
214694
214697
214703
214730
214747
214753
214758
214819
214825
214826
214829
214835
214862
214879
214885
214890
214951
214957
214958
214961
214967
214994
215011
215017
215022
215083
215089
215090
215093
215099
215126
215143
215149
215154
215212
215218
215219
215222
215228
215255
215272
215278
215283
215290
215296
215297
215300
215306
215333
215349
215352
215353
215358
215362
215371
215380
215383
215392
215401
215404
215413
215422
215425
215434
215443
215446
215455
215464
215467
215476
215485
215488
215497
215506
215509
215517
215524
215527
215535
215542
215545
215554
215563
215566
215575
215584
215587
215596
215605
215608
215617
215626
215629
215638
215647
215650
215659
215668
215671
215680
215689
215692
215695
215698
215699
215700
215701
215706
215707
216007
216015
216019
216027
216034
216037
216045
216052
216055
216063
216070
216073
216081
216088
216091
216099
216106
216109
216117
216124
216127
216165
216172
216175
216183
216190
216193
216201
216208
216211
216219
216226
216229
216237
216244
216247
216255
216262
216265
216272
216280
216282
216286
216287
216288
216291
216299
216306
216323
216550
216551
216555
216557
216561
216562
216580
216581
216584
216591
216597
216617
216690
216691
216696
216698
216701
216702
216718
216719
216722
216729
216735
216755
216828
216829
216834
216836
216839
216840
216856
216857
216860
216867
216873
216893
216966
216967
216972
216974
216977
216978
216994
216995
216998
217005
217011
217031
217104
217105
217110
217112
217115
217116
217132
217133
217136
217143
217149
217169
217239
217240
217245
217247
217250
217251
217267
217268
217271
217278
217284
217304
217323
217324
217329
217331
217334
217335
217351
217352
217355
217357
217362
217368
217377
217384
217385
217387
217396
217405
217408
217417
217426
217429
217438
217447
217450
217459
217468
217471
217480
217489
217492
217501
217510
217513
217521
217528
217531
217539
217546
217549
217558
217567
217570
217579
217588
217591
217600
217609
217612
217621
217630
217633
217642
217651
217654
217663
217672
217675
217683
217687
217688
217690
217692
217693
217694
217697
217698
217963
217975
217983
217990
217993
218001
218008
218011
218019
218026
218029
218037
218044
218047
218055
218062
218065
218103
218110
218113
218121
218128
218131
218139
218146
218149
218157
218164
218167
218175
218182
218185
218192
218200
218206
218207
218208
218211
218232
218236
218240
218241
218246
218425
218428
218431
218436
218438
218445
218446
218464
218465
218468
218488
218494
218497
218499
218503
218559
218565
218569
218575
218577
218584
218585
218601
218602
218605
218625
218631
218634
218636
218640
218697
218703
218707
218713
218715
218722
218723
218739
218740
218743
218763
218769
218772
218774
218778
218835
218841
218845
218851
218853
218860
218861
218877
218878
218881
218901
218907
218910
218912
218916
218973
218979
218983
218989
218991
218998
218999
219015
219016
219019
219039
219045
219048
219050
219054
219108
219114
219118
219124
219126
219133
219134
219150
219151
219154
219174
219180
219183
219185
219189
219192
219198
219202
219208
219210
219217
219218
219234
219235
219238
219240
219257
219260
219261
219265
219266
219270
219271
219279
219288
219291
219300
219309
219312
219321
219330
219333
219342
219351
219354
219363
219372
219375
219383
219389
219391
219398
219405
219408
219417
219426
219429
219438
219447
219450
219459
219468
219471
219480
219489
219492
219501
219510
219513
219516
219519
219521
219522
219527
219528
219529
219535
219536
219771
219788
219795
219798
219806
219813
219816
219824
219831
219834
219842
219849
219852
219890
219897
219900
219908
219915
219918
219926
219933
219936
219944
219951
219954
219961
219978
219993
219995
219996
220002
220007
220021
220024
220027
220143
220144
220147
220148
220150
220152
220154
220155
220156
220193
220206
220209
220211
220218
220223
220240
220243
220246
220332
220333
220336
220337
220339
220341
220344
220346
220347
220382
220395
220398
220400
220407
220412
220429
220432
220435
220548
220549
220552
220553
220555
220557
220560
220562
220563
220598
220611
220614
220616
220623
220628
220645
220648
220651
220761
220762
220765
220766
220768
220770
220773
220775
220776
220811
220824
220827
220829
220836
220841
220858
220861
220864
220974
220975
220978
220979
220981
220983
220986
220988
220989
221024
221037
221040
221042
221049
221054
221071
221074
221077
221184
221185
221188
221189
221191
221193
221196
221198
221199
221234
221247
221250
221252
221259
221264
221281
221284
221287
221346
221347
221350
221351
221353
221355
221358
221360
221361
221396
221409
221411
221412
221414
221418
221423
221432
221437
221439
221440
221442
221443
221450
221457
221460
221469
221478
221481
221489
221497
221499
221507
221513
221515
221523
221532
221535
221544
221553
221556
221564
221571
221574
221582
221586
221587
221589
221590
221591
221592
221593
221595
221597
221598
221599
221600
221811
221823
221831
221838
221841
221879
221886
221889
221896
221904
221930
221943
221944
221946
221947
221966
221970
221974
221975
221980
221990
221993
221995
222007
222010
222013
222015
222018
222021
222026
222028
222033
222034
222036
222037
222038
222103
222114
222116
222117
222135
222141
222145
222146
222151
222164
222167
222169
222181
222184
222187
222189
222194
222198
222203
222205
222210
222212
222213
222214
222274
222285
222287
222288
222306
222312
222316
222317
222322
222332
222335
222337
222349
222352
222355
222357
222362
222366
222371
222373
222378
222380
222381
222382
222442
222453
222455
222456
222474
222480
222484
222485
222490
222500
222503
222505
222517
222520
222523
222525
222530
222534
222539
222541
222546
222548
222549
222550
222610
222621
222623
222624
222642
222648
222652
222653
222658
222668
222671
222673
222685
222688
222691
222693
222698
222702
222707
222709
222714
222716
222717
222718
222778
222789
222791
222792
222810
222816
222820
222821
222826
222836
222839
222841
222853
222856
222859
222861
222866
222870
222875
222877
222882
222884
222885
222886
222946
222957
222959
222960
222978
222984
222988
222989
222994
223007
223010
223012
223027
223030
223033
223035
223040
223044
223049
223051
223056
223058
223059
223060
223117
223128
223130
223131
223133
223148
223151
223152
223156
223157
223161
223162
223168
223172
223174
223175
223176
223177
223184
223189
223191
223192
223194
223195
223197
223200
223202
223203
223208
223209
223210
223215
223217
223218
223219
223220
)
;
    flipMap         List<bool> 
5872
(
1
1
1
0
0
0
0
0
0
0
0
0
0
0
1
1
1
1
0
0
0
0
0
0
1
1
1
1
0
0
0
0
0
0
1
1
1
1
0
0
0
0
0
0
1
1
1
1
0
0
0
0
0
0
1
1
1
1
0
0
0
0
0
0
1
1
1
1
0
0
0
0
0
0
1
1
1
1
0
0
0
0
0
0
1
1
1
1
1
1
1
0
0
0
0
0
0
0
0
0
0
0
0
0
1
1
1
0
0
0
1
1
1
0
0
0
1
1
1
0
0
0
1
1
1
0
0
0
1
1
1
0
0
0
1
1
1
0
0
0
1
1
1
0
0
0
1
1
1
1
1
1
1
1
1
1
1
1
1
1
0
0
0
0
0
0
0
0
0
0
0
0
0
0
0
1
1
1
0
0
1
1
1
0
0
1
1
1
0
0
1
1
1
0
0
1
1
1
0
0
1
1
1
0
0
1
1
1
0
0
1
1
1
1
1
1
1
1
1
1
1
1
1
1
0
0
0
0
0
0
0
0
0
0
0
0
0
0
0
0
0
0
1
1
0
0
1
1
0
0
1
1
0
0
1
1
0
0
1
1
0
0
1
1
0
0
1
1
0
0
1
1
1
1
1
1
1
1
1
1
1
1
1
1
1
1
1
1
1
1
0
0
0
0
0
0
0
0
0
0
0
0
0
0
0
0
0
0
1
1
0
1
1
0
1
1
0
1
1
0
1
1
0
1
1
0
1
1
0
1
1
1
1
1
1
1
1
1
1
1
1
1
1
1
1
1
1
0
0
0
0
0
0
0
0
0
0
0
0
0
0
0
0
0
0
0
0
0
1
0
0
1
0
0
1
0
0
1
0
0
1
0
0
1
0
0
1
0
0
1
1
1
1
1
1
1
1
1
1
1
1
1
1
1
1
1
1
1
0
0
0
0
0
0
0
0
0
0
0
0
0
0
0
0
0
0
0
0
0
0
1
0
0
1
0
0
1
0
0
1
0
0
1
0
0
1
0
0
1
0
0
1
1
1
1
1
1
1
1
1
1
1
1
1
1
1
1
1
1
1
1
1
1
0
0
0
0
0
0
0
0
0
0
0
0
0
0
0
0
0
0
0
0
0
0
0
1
0
0
1
0
0
1
0
0
1
0
0
1
0
0
1
0
0
1
0
0
1
1
1
1
1
1
1
1
1
1
1
1
1
1
1
1
1
1
1
1
1
1
1
0
0
0
0
0
0
0
0
0
0
0
0
0
0
0
0
0
0
0
0
0
0
1
1
0
1
1
0
1
1
0
1
1
0
1
1
0
1
1
0
1
1
0
1
1
1
1
1
1
1
1
1
1
1
1
1
1
1
1
1
1
1
1
1
0
0
0
0
0
0
0
0
0
0
0
0
0
0
0
0
0
0
0
0
0
0
0
1
0
1
0
1
0
1
0
1
0
1
0
1
0
1
1
1
1
1
1
1
1
1
1
1
1
1
1
1
1
1
1
1
1
1
1
1
0
0
0
0
0
0
0
0
0
0
0
0
0
0
0
0
0
0
0
0
0
0
0
1
0
1
0
1
0
1
0
1
0
1
0
1
0
1
1
1
1
1
1
1
1
1
1
1
1
1
1
1
1
1
1
1
1
1
1
1
0
0
0
0
0
0
0
0
0
0
0
0
0
0
0
0
0
0
0
0
0
0
0
1
0
1
0
1
0
1
0
1
0
1
0
1
0
1
1
1
1
1
1
1
1
1
1
1
1
1
1
1
1
1
1
1
1
1
1
1
0
0
0
0
0
0
0
0
0
0
0
0
0
0
0
0
0
0
0
0
0
0
0
1
0
1
0
1
0
1
0
1
0
1
0
1
0
1
1
1
1
1
1
1
1
1
1
1
1
1
1
1
1
1
1
1
1
1
1
1
0
0
0
0
0
0
0
0
0
0
0
0
0
0
0
0
0
0
0
0
0
0
0
0
1
0
0
1
0
0
1
0
0
1
0
0
1
0
0
1
0
0
1
0
0
1
1
1
1
1
1
1
1
1
1
1
1
1
1
1
1
1
1
1
1
1
1
1
1
0
0
0
0
0
0
0
0
0
0
0
0
0
0
0
0
0
0
0
0
0
0
1
0
1
0
1
0
1
0
1
0
1
0
1
0
1
1
1
1
1
1
1
1
1
1
1
1
1
1
1
1
1
1
1
1
1
0
0
0
0
0
0
0
0
0
0
0
0
0
0
0
0
0
0
0
0
0
1
1
0
1
1
0
1
1
0
1
1
0
1
1
0
1
1
0
1
1
0
1
1
1
1
1
1
1
1
1
1
1
1
1
1
1
1
1
1
1
1
1
1
1
1
0
0
0
0
0
0
0
0
0
0
0
0
0
0
0
0
0
0
0
0
1
1
0
1
1
0
1
1
0
1
1
0
1
1
0
1
1
0
1
1
0
1
1
1
1
1
1
1
1
1
1
1
1
1
1
1
1
1
1
1
0
0
0
0
0
0
0
0
0
0
0
0
0
0
0
0
0
0
0
0
1
1
0
0
1
1
0
0
1
1
0
0
1
1
0
0
1
1
0
0
1
1
0
0
1
1
0
0
1
1
1
1
1
1
1
1
1
1
1
1
1
1
1
1
1
1
1
1
1
0
0
0
0
0
0
0
0
0
0
0
0
0
0
0
0
0
0
0
1
0
0
1
0
0
1
0
0
1
0
0
1
0
0
1
0
0
1
0
0
1
1
1
1
1
1
1
1
1
1
1
1
1
1
1
1
1
1
1
0
0
0
0
0
0
0
0
0
0
0
0
0
0
0
0
0
0
1
1
0
0
0
1
1
0
0
0
1
1
0
0
0
1
1
0
0
0
1
1
0
0
0
1
1
0
0
0
1
1
0
0
0
1
1
1
1
1
1
1
1
1
1
1
1
1
1
1
0
0
0
0
0
0
0
0
0
0
0
0
0
0
0
1
1
0
0
0
1
1
0
0
0
1
1
0
0
0
1
1
0
0
0
1
1
0
0
0
1
1
0
0
0
1
1
0
0
0
1
1
1
1
1
1
1
1
1
1
1
1
1
1
1
0
0
0
0
0
0
0
0
0
0
0
0
1
1
1
0
0
0
0
1
1
1
0
0
0
0
1
1
1
0
0
0
0
1
1
1
0
0
0
0
1
1
1
0
0
0
0
1
1
1
0
0
0
0
1
1
1
0
0
0
0
1
1
1
1
1
1
1
1
1
1
1
1
1
1
1
1
1
1
1
1
1
1
1
1
1
1
1
1
1
1
1
1
1
1
1
1
1
1
1
1
1
1
1
1
1
1
1
1
1
1
0
0
0
0
0
0
0
0
0
0
0
0
0
0
0
0
0
0
0
0
0
0
0
0
0
0
0
0
0
0
0
0
0
0
0
0
0
0
0
0
0
0
0
0
0
0
0
0
0
0
0
0
0
0
0
0
0
0
0
0
0
0
0
0
0
0
0
0
0
0
0
0
0
0
0
0
0
0
0
0
0
0
0
0
0
0
0
0
0
0
0
0
0
0
0
0
0
0
0
0
0
0
0
0
0
0
0
0
0
0
0
0
0
0
0
0
0
0
0
0
0
0
0
0
0
0
0
0
0
0
0
0
0
0
0
0
0
0
0
0
0
0
0
0
0
0
0
0
0
0
0
0
0
0
0
0
0
0
0
0
0
0
0
0
0
0
0
0
0
0
0
0
0
0
0
0
0
0
0
0
0
0
0
0
0
0
0
0
0
0
0
0
0
0
0
0
0
0
0
0
0
0
0
0
0
0
0
0
0
0
0
0
0
0
0
0
0
0
0
0
0
0
0
0
0
0
0
0
0
0
0
0
0
0
0
0
0
0
0
0
0
0
0
0
0
0
0
0
0
0
0
0
0
0
0
0
0
0
0
0
0
0
0
0
0
0
0
0
0
0
0
0
0
0
0
0
0
0
0
0
0
0
0
0
0
0
0
0
0
0
0
0
0
0
0
0
0
0
0
0
0
0
0
0
0
0
0
0
0
0
0
0
0
0
0
0
0
0
0
0
0
0
0
0
0
0
0
0
0
0
0
0
0
0
0
0
0
0
0
0
0
0
0
0
0
0
0
0
0
0
0
0
0
0
0
0
0
0
0
0
0
0
0
0
0
0
0
0
0
0
0
0
0
0
0
0
0
0
0
0
0
0
0
0
0
0
0
0
0
0
0
0
0
0
0
0
0
0
0
0
0
0
0
0
0
0
0
0
0
0
0
0
0
0
0
0
0
0
0
0
0
0
0
0
0
0
0
0
0
1
1
1
1
1
1
1
1
1
1
1
1
1
1
1
1
1
1
1
1
1
1
1
1
1
1
1
1
1
1
1
1
1
1
1
1
1
1
1
1
1
1
1
1
1
1
1
1
1
1
1
1
1
1
1
1
1
1
1
1
1
1
1
1
1
1
1
1
1
1
1
1
1
1
1
1
1
1
1
1
1
1
1
1
1
1
1
1
1
1
1
0
0
1
1
1
0
1
1
1
1
0
0
0
0
1
1
1
1
1
1
1
1
1
1
1
1
1
1
0
1
1
1
1
0
0
1
1
1
1
1
1
1
1
1
1
1
1
1
1
0
1
1
1
1
0
0
1
1
1
1
1
1
1
1
1
1
1
1
1
1
0
1
1
1
1
0
0
1
1
1
1
1
1
1
1
1
1
1
1
1
1
0
1
1
1
1
0
0
1
1
1
1
1
1
1
1
1
1
1
1
1
1
0
1
1
1
1
0
0
1
1
1
1
1
1
1
1
1
1
1
1
1
1
0
1
1
1
1
0
0
1
1
1
1
1
1
1
1
1
1
1
0
0
1
1
0
0
0
0
0
0
0
0
0
1
0
1
0
0
1
1
1
0
0
0
0
1
1
1
1
1
1
1
1
1
1
1
1
1
1
1
1
1
1
1
1
1
1
1
1
1
1
1
1
1
1
1
1
1
1
1
1
1
1
1
0
1
1
1
0
0
1
1
1
1
1
1
1
1
1
0
1
1
1
0
0
1
1
1
1
1
1
1
1
1
0
1
1
1
0
0
1
1
1
1
1
1
1
1
1
0
1
1
1
0
0
1
1
1
1
1
1
1
1
1
0
1
1
1
0
0
1
1
1
1
1
1
1
1
1
0
1
1
1
0
0
1
1
1
1
1
1
1
1
1
0
1
1
1
0
0
1
1
1
1
1
1
1
1
1
0
0
0
0
0
0
0
0
0
0
0
0
0
0
0
0
0
0
0
0
0
0
0
0
0
0
0
1
1
1
0
0
0
0
1
1
1
1
1
1
1
1
1
1
1
1
1
1
1
1
1
1
1
1
1
1
1
1
1
1
1
1
1
1
1
1
1
1
1
1
1
1
1
1
1
1
0
1
1
1
1
1
0
1
1
0
0
1
0
1
1
1
1
1
1
1
1
1
0
1
1
0
1
0
1
1
1
1
1
1
1
1
1
0
1
1
0
1
0
1
1
1
1
1
1
1
1
1
0
1
1
0
1
0
1
1
1
1
1
1
1
1
1
0
1
1
0
1
0
1
1
1
1
1
1
1
1
1
0
1
1
0
1
0
1
1
1
1
1
1
1
1
1
0
1
1
0
1
0
1
1
1
1
1
1
0
1
1
0
0
0
0
0
0
0
0
0
0
0
0
0
0
0
0
0
0
0
0
0
0
0
0
0
0
0
0
0
0
0
0
0
0
0
0
1
0
1
0
0
1
0
1
0
0
1
1
1
1
1
1
1
1
1
1
1
1
1
1
1
1
1
1
1
1
1
1
1
1
1
1
1
1
1
1
1
1
1
1
1
1
1
1
1
1
1
1
1
1
1
1
1
1
1
1
0
1
0
1
0
0
0
1
1
1
1
1
0
1
0
0
1
1
1
1
1
0
1
0
0
1
1
1
1
1
0
1
0
0
1
1
1
1
1
0
1
0
0
1
1
1
1
1
0
1
0
0
1
1
1
1
1
0
1
0
0
1
1
1
1
1
0
0
0
0
0
0
0
0
0
0
0
0
0
0
0
0
0
0
0
0
0
0
0
0
0
0
0
0
0
0
0
0
0
0
0
0
0
0
0
0
0
0
0
0
0
0
0
1
0
0
0
1
1
1
1
1
1
1
1
1
1
1
1
1
1
1
1
1
1
1
1
1
1
1
1
1
1
1
1
1
1
1
1
1
1
1
1
1
1
1
1
1
1
1
1
1
1
1
1
1
1
1
1
1
1
1
1
1
0
1
0
0
1
1
1
1
1
1
1
1
0
1
0
0
1
1
1
1
1
1
1
1
0
1
0
0
1
1
1
1
1
1
1
1
0
1
0
0
1
1
1
1
1
1
1
1
0
1
0
0
1
1
1
1
1
1
1
1
0
1
0
0
1
1
1
1
1
1
1
1
0
1
0
0
1
1
1
1
1
1
1
0
0
0
0
0
0
0
0
0
0
0
0
0
0
0
0
0
0
0
0
0
0
0
0
0
0
0
0
0
0
0
0
0
0
0
0
0
0
0
0
0
0
0
0
0
0
0
0
1
0
1
0
0
0
0
1
1
1
1
1
1
1
1
1
1
1
1
1
1
1
1
1
1
1
1
1
1
1
1
1
1
1
1
1
1
1
1
1
1
1
1
1
1
1
1
1
1
1
1
1
1
1
1
1
1
1
1
1
1
1
1
1
1
1
0
0
1
0
1
1
1
1
1
0
0
1
0
1
1
1
1
1
0
0
1
0
1
1
1
1
1
0
0
1
0
1
1
1
1
1
0
0
1
0
1
1
1
1
1
0
0
1
0
1
1
1
1
1
0
0
1
0
1
1
0
1
1
1
0
0
0
0
0
0
0
0
0
0
0
0
0
0
0
0
0
0
0
0
0
0
0
0
0
0
0
0
0
0
0
0
0
0
0
0
0
0
0
0
0
0
0
0
0
0
0
0
0
0
0
0
0
0
1
0
0
1
1
1
1
1
1
1
1
1
1
1
1
1
1
1
1
1
1
1
1
1
1
1
1
1
1
1
1
1
1
1
1
1
1
1
1
1
1
1
1
1
1
1
1
1
1
1
1
1
1
1
1
1
1
1
1
1
1
1
1
1
1
1
0
0
0
1
1
1
1
1
1
0
0
0
1
1
1
1
1
1
0
0
0
1
1
1
1
1
1
0
0
0
1
1
1
1
1
1
0
0
0
1
1
1
1
1
1
0
0
0
1
1
1
1
1
1
0
0
0
1
1
1
1
1
1
0
0
0
0
0
0
0
0
0
0
0
0
0
0
0
0
0
0
0
0
0
0
0
0
0
0
0
0
0
0
0
0
0
0
0
0
0
0
0
0
0
0
0
0
0
0
0
0
0
0
0
0
0
0
0
0
0
0
0
0
1
1
1
1
1
1
1
1
1
1
1
1
1
1
1
1
1
1
1
1
1
1
1
1
1
1
1
1
1
1
1
1
1
1
1
1
1
1
1
1
1
1
1
1
1
1
1
1
1
1
1
1
1
1
1
1
1
1
0
1
1
0
1
0
0
0
0
1
1
1
0
0
0
1
1
1
0
0
0
1
1
1
0
0
0
1
1
1
0
0
0
1
1
1
0
0
0
1
1
1
0
0
0
1
0
1
1
0
0
0
0
0
0
0
0
0
0
0
0
0
0
0
0
0
0
0
0
0
0
0
0
0
0
0
0
0
0
0
0
0
0
0
0
0
0
0
0
0
0
0
0
0
0
0
0
0
0
0
0
0
0
0
0
0
0
0
0
0
0
1
1
1
1
1
1
1
1
1
1
1
1
1
1
1
1
1
1
1
1
1
1
1
1
1
1
1
1
1
1
1
1
1
1
1
1
1
1
1
1
1
1
1
1
1
1
1
1
1
1
1
1
1
1
1
1
1
1
1
1
1
1
1
1
0
1
0
0
1
1
1
1
1
0
1
0
0
1
1
1
1
1
0
1
0
0
1
1
1
1
1
0
1
0
0
1
1
1
1
1
0
1
0
0
1
1
1
1
1
0
1
0
0
1
1
1
1
1
0
1
0
0
1
1
1
1
0
0
0
0
0
0
0
0
0
0
0
0
0
0
0
0
0
0
0
0
0
0
0
0
0
0
0
0
0
0
0
0
0
0
0
0
0
0
0
0
0
0
0
0
0
0
0
0
0
0
0
0
0
0
0
0
0
1
0
1
0
0
0
0
1
1
1
1
1
1
1
1
1
1
1
1
1
1
1
1
1
1
1
1
1
1
1
1
1
1
1
1
1
1
1
1
1
1
1
1
1
1
1
1
1
1
1
1
1
1
1
1
1
1
1
1
1
1
1
1
1
1
1
1
1
1
1
1
1
1
1
1
1
0
0
0
1
1
1
0
0
0
1
1
1
0
0
0
1
1
1
0
0
0
1
1
1
0
0
0
1
1
1
0
0
0
1
1
1
0
0
0
1
1
1
0
0
0
0
0
0
0
0
0
0
0
0
0
0
0
0
0
0
0
0
0
0
0
0
0
0
0
0
0
0
0
0
0
0
0
0
0
0
0
0
0
0
0
0
0
0
0
0
0
0
0
0
0
0
0
0
0
0
0
0
0
0
0
0
0
0
0
0
0
1
1
1
1
1
1
1
1
1
1
1
1
1
1
1
1
1
1
1
1
1
1
1
1
1
1
1
1
1
1
1
1
1
1
1
1
0
0
0
0
0
0
0
0
0
0
0
0
0
0
0
0
0
0
0
0
0
0
0
0
0
0
0
0
0
0
0
0
0
0
0
0
0
0
0
0
0
0
0
0
0
0
0
0
0
0
0
0
0
0
0
0
0
0
0
0
1
1
1
1
1
1
1
1
1
1
1
1
1
1
1
1
1
1
1
1
1
1
1
1
1
1
1
0
0
0
0
0
0
0
0
0
0
0
0
0
0
0
0
0
0
0
0
0
0
0
0
0
0
0
0
0
0
0
0
0
0
0
0
0
0
0
0
0
0
1
1
1
1
1
1
1
1
1
1
1
1
1
1
1
1
1
1
1
1
1
1
1
1
1
1
1
1
1
1
1
1
1
1
1
1
1
1
1
1
1
1
1
1
1
1
1
1
1
1
1
1
1
1
1
1
1
1
1
1
1
1
1
1
1
1
1
1
1
0
0
0
1
1
1
0
0
0
1
1
1
0
0
0
1
1
1
0
0
0
1
1
1
0
0
0
1
1
1
0
0
0
1
1
1
0
0
0
1
1
1
0
0
0
0
0
0
0
0
0
0
0
0
0
0
0
0
0
0
0
0
0
0
0
0
0
0
0
0
0
0
0
0
0
0
0
0
0
0
0
0
0
0
0
0
0
0
0
0
0
0
0
0
0
0
0
0
0
0
0
0
0
0
0
0
0
0
0
0
0
1
1
1
1
1
1
1
1
1
1
1
1
1
1
1
1
1
1
1
1
1
1
1
1
1
1
1
1
1
1
1
1
1
1
1
1
1
1
1
1
1
1
1
1
1
1
1
1
1
1
1
1
1
1
1
1
1
1
1
0
1
1
0
0
0
0
0
1
0
1
1
0
0
0
0
0
1
0
1
1
0
0
0
0
0
1
0
1
1
0
0
0
0
0
1
0
1
1
0
0
0
0
0
1
0
1
1
0
0
0
0
0
1
0
1
1
0
0
0
0
0
1
0
0
1
1
0
0
0
0
0
0
0
0
0
0
0
0
0
0
0
0
0
0
0
0
0
0
0
0
0
0
0
0
0
0
0
0
0
0
0
0
0
0
0
0
0
0
0
0
0
0
0
0
0
0
0
0
0
0
0
0
0
0
0
0
0
0
0
0
0
1
1
1
1
1
1
1
1
1
1
1
1
1
1
1
1
1
1
1
1
1
1
1
1
1
1
1
1
1
1
1
1
1
1
1
1
1
1
1
1
1
1
1
1
1
1
1
1
1
1
1
1
1
1
0
1
1
0
0
1
0
0
0
0
0
0
1
1
0
1
0
0
0
0
0
1
1
0
1
0
0
0
0
0
1
1
0
1
0
0
0
0
0
1
1
0
1
0
0
0
0
0
1
1
0
1
0
0
0
0
0
1
1
0
1
0
0
0
0
0
1
0
1
0
1
0
0
0
0
0
0
0
0
0
0
0
0
0
0
0
0
0
0
0
0
0
0
0
0
0
0
0
0
0
0
0
0
0
0
0
0
0
0
0
0
0
0
0
0
0
0
0
0
0
0
0
0
0
0
0
0
0
0
0
0
0
0
0
0
0
0
0
1
1
1
1
1
1
1
1
1
1
1
1
1
1
1
1
1
1
1
1
1
1
1
1
1
1
1
1
1
1
1
1
1
1
1
1
1
1
1
1
1
1
1
1
1
1
1
1
1
1
1
1
1
1
1
1
1
0
0
0
0
0
0
1
1
1
0
0
0
0
0
0
1
1
1
0
0
0
0
0
0
1
1
1
0
0
0
0
0
0
1
1
1
0
0
0
0
0
0
1
1
1
0
0
0
0
0
0
1
1
1
0
0
0
0
0
0
1
1
1
0
0
0
0
0
0
0
0
0
0
0
0
0
0
0
0
0
0
0
0
0
0
0
0
0
0
0
0
0
0
0
0
0
0
0
0
0
0
0
0
0
0
0
0
0
0
0
0
0
0
0
0
0
0
0
0
0
0
0
0
0
0
0
0
0
0
1
1
1
1
1
1
1
1
1
1
1
1
1
1
1
1
1
1
1
1
1
1
1
1
1
1
1
1
1
1
1
1
1
1
1
1
1
1
1
1
1
1
1
1
1
1
1
1
1
1
1
1
1
0
1
0
0
0
0
0
1
1
0
1
0
0
0
0
0
1
1
0
1
0
0
0
0
0
1
1
0
1
0
0
0
0
0
1
1
0
1
0
0
0
0
0
1
1
0
1
0
0
0
0
0
1
1
0
1
0
0
0
0
0
1
0
1
0
1
0
0
0
0
0
0
0
0
0
0
0
0
0
0
0
0
0
0
0
0
0
0
0
0
0
0
0
0
0
0
0
0
0
0
0
0
0
0
0
0
0
0
0
0
0
0
0
0
0
0
0
0
0
0
0
0
0
0
0
0
0
1
1
1
1
1
1
1
1
1
1
1
1
1
1
1
1
1
1
1
1
1
1
1
1
1
1
1
1
1
1
1
1
1
1
1
1
1
1
1
1
1
1
1
1
1
1
1
0
1
1
0
0
0
0
0
1
0
1
1
0
0
0
0
0
1
0
1
1
0
0
0
0
0
1
0
1
1
0
0
0
0
0
1
0
1
1
0
0
0
0
0
1
0
1
1
0
0
0
0
0
1
0
1
1
0
0
0
0
0
1
0
0
1
1
0
0
0
0
0
0
0
0
0
0
0
0
0
0
0
0
0
0
0
0
0
0
0
0
0
0
0
0
0
0
0
0
0
0
0
0
0
0
0
0
0
0
0
0
0
0
0
0
0
0
0
0
0
0
0
0
1
1
1
1
1
1
1
1
1
1
1
1
1
1
1
1
1
1
1
1
1
1
1
1
1
1
1
1
1
1
1
1
1
1
1
1
1
1
1
1
1
1
0
0
1
0
1
1
0
0
0
0
0
0
0
0
1
0
1
1
0
0
0
0
0
0
0
0
1
0
1
1
0
0
0
0
0
0
0
0
1
0
1
1
0
0
0
0
0
0
0
0
1
0
1
1
0
0
0
0
0
0
0
0
1
0
1
1
0
0
0
0
0
0
0
0
1
0
1
1
0
0
0
0
0
0
0
0
1
0
0
1
1
0
0
0
0
0
0
0
0
0
0
0
0
0
0
0
0
0
0
0
0
0
0
0
0
0
0
0
0
0
0
0
0
0
0
0
0
0
0
0
0
0
0
0
0
0
0
0
0
0
0
0
0
0
0
0
1
1
1
1
1
1
1
1
1
1
1
1
1
1
1
1
1
1
1
1
1
1
1
1
1
1
1
1
1
1
1
1
1
1
0
0
1
0
0
1
0
1
0
0
0
0
0
0
0
0
0
1
0
0
1
0
1
0
0
0
0
0
0
0
0
0
1
0
0
1
0
1
0
0
0
0
0
0
0
0
0
1
0
0
1
0
1
0
0
0
0
0
0
0
0
0
1
0
0
1
0
1
0
0
0
0
0
0
0
0
0
1
0
0
1
0
1
0
0
0
0
0
0
0
0
0
1
0
0
1
0
1
0
0
0
0
0
0
0
0
0
1
0
0
0
0
1
0
1
0
0
0
0
0
0
0
0
0
0
0
0
0
0
0
0
0
0
0
0
0
0
0
0
0
0
0
0
0
0
0
0
0
0
0
0
0
0
0
0
0
0
0
0
0
0
0
1
1
1
1
1
1
1
1
1
1
1
1
1
1
1
1
1
1
1
1
1
1
1
1
1
1
1
0
0
0
1
1
0
0
0
0
0
0
0
0
0
0
0
0
1
0
0
0
1
1
0
0
0
0
0
0
0
0
0
0
0
0
1
0
0
0
1
1
0
0
0
0
0
0
0
0
0
0
0
0
1
0
0
0
1
1
0
0
0
0
0
0
0
0
0
0
0
0
1
0
0
0
1
1
0
0
0
0
0
0
0
0
0
0
0
0
1
0
0
0
1
1
0
0
0
0
0
0
0
0
0
0
0
0
1
0
0
0
1
1
0
0
0
0
0
0
0
0
0
0
0
0
1
0
0
0
0
1
1
0
0
0
0
0
0
0
0
0
0
0
0
0
0
0
0
0
0
0
0
0
0
0
0
0
0
0
0
0
0
0
0
0
0
0
0
0
0
0
0
1
1
1
1
1
1
1
1
1
1
1
0
0
0
0
0
1
0
1
0
0
0
0
0
0
0
0
0
0
0
0
0
0
0
0
0
1
0
0
0
0
1
0
1
0
0
0
0
0
0
0
0
0
0
0
0
0
0
0
0
1
0
0
0
0
1
0
1
0
0
0
0
0
0
0
0
0
0
0
0
0
0
0
0
1
0
0
0
0
1
0
1
0
0
0
0
0
0
0
0
0
0
0
0
0
0
0
0
1
0
0
0
0
1
0
1
0
0
0
0
0
0
0
0
0
0
0
0
0
0
0
0
1
0
0
0
0
1
0
1
0
0
0
0
0
0
0
0
0
0
0
0
0
0
0
0
1
0
0
0
0
1
0
1
0
0
0
0
0
0
0
0
0
0
0
0
0
0
0
0
1
0
0
0
0
0
0
1
0
1
0
0
0
0
0
0
0
0
0
0
0
0
0
0
0
0
0
0
0
0
0
0
0
0
0
0
)
;
}
)

// ************************************************************************* //
